image: map.pgm
resolution: 0.025000
origin: [-13.112499, -23.592499, 0.000000]
negate: 0
occupied_thresh: 0.65
free_thresh: 0.196

